 0.000019766579559706216             
 0.0000064149770514669594            
 0.0000057839840238476794            
 0.000003880952722707702             
 0.00000079714126785687488           
-0.0000031718384763825134            
-0.0000075153547274494135            
-0.000011584928316718124             
-0.000014651626703939086             
-0.000016057082773784167             
-0.000015316459910793538             
-0.000012265712932153559             
-0.0000070787607832821844            
-0.00000031899276717232923           
 0.0000071318803520505951            
 0.000014093028736454533             
 0.000019406138741250144             
 0.000021987931669292927             
 0.000021068802249529953             
 0.000016416691980208797             
 0.0000083361169985120862            
-0.00000222272479504296              
-0.000013815213592491806             
-0.000024636261794157779             
-0.000032823564915742712             
-0.000036732903790609504             
-0.000035254304132925067             
-0.000028030272671568624             
-0.000015621322666466813             
 0.00000050764863490467867           
 0.00001813140934714849              
 0.000034554018320618671             
 0.000046984302660277668             
 0.000053032467963837897             
 0.000051080485034752372             
 0.000040676264079822464             
 0.000022683471520506423             
-0.00000070928726050228724           
-0.000026237993313236381             
-0.000049984655220860574             
-0.000067962238589482573             
-0.000076749036121362039             
-0.000074106518855868099             
-0.00005943709109200296              
-0.000034032343831785941             
-0.0000010262433186092414            
 0.000034945526553463163             
 0.000068384976692896482             
 0.000093723849970643277             
 0.00010623569285269263              
 0.0001028597099347067               
 0.00008283101878095202              
 0.000047996235175433238             
 0.0000027203163062763315            
-0.000046606515884561768             
-0.000092441869730268482             
-0.00012720955398829982              
-0.0001445136653989152               
-0.00014025427957888243              
-0.00011346478626238953              
-0.000066701024363714453             
-0.0000058955753948393125            
 0.000060335791808218511             
 0.00012187685630464469              
 0.00016862127494802142              
 0.00019207909917437715              
 0.00018685996969286918              
 0.00015174486081346818              
 0.000090185550132364228             
 0.00001007618878846807              
-0.000077191030639348372             
-0.00015829886584291109              
-0.00021999240734216197              
-0.00025119472405809733              
-0.00024491364992086981              
-0.00019962924509332321              
-0.00011990191280697992              
-0.000016049286377071967             
 0.00009711548202579319              
 0.00020233628112904667              
 0.00028249977638892024              
 0.00032335400559219932              
 0.00031595340352768669              
 0.00025841273654318231              
 0.0001566486614525916               
 0.000023934965627251673             
-0.00012074579328629606              
-0.00025535028529223829              
-0.0003580750813967045               
-0.00041081720611464386              
-0.00040226311210100467              
-0.00033008113519853463              
-0.00020182894355013536              
-0.000034347287796966022             
 0.00014835133965841811              
 0.00031845212046679311              
 0.0004485021571310756               
 0.00051576541022164686              
 0.00050607408398170919              
 0.00041655838280081603              
 0.00025673552930730313              
 0.00004771575221688134              
-0.00018047295043620144              
-0.00039311222938038961              
-0.00055599960088839433              
-0.00064085625427262941              
-0.00063010368153105308              
-0.00052021256390904602              
-0.00032302146326659441              
-0.000064706525907166896             
 0.00021755888968280209              
 0.0004808589755295029               
 0.00068296746291695665              
 0.00078901854463092527              
 0.00077736567588100646              
 0.00064367394183283155              
 0.00040250359421835358              
 0.000086005433900754872             
-0.00026021208789710947              
-0.00058354330801169575              
-0.00083227471634538691              
-0.00096373720294826767              
-0.00095144987127590303              
-0.00079008752816899712              
-0.0004973778874388659               
-0.00011247845138204198              
 0.00030908628604547656              
 0.00070330512020088244              
 0.0010072797265568466               
 0.0011691208876279677               
 0.0011566086423224753               
 0.00096318943405447957              
 0.00061025271143479273              
 0.00014513878536226682              
-0.00036500743674775844              
-0.00084277956435260674              
-0.0012121123581945205               
-0.001410232016378298                
-0.001398094557967544                
-0.0011676107662272964               
-0.00074437476243164745              
-0.00018525798350566453              
 0.00042899718086075007              
 0.0010052580246450297               
 0.0014519561057299447               
 0.0016934447510562681               
 0.0016825424151022761               
 0.0014092131685138976               
 0.00090385304559632482              
 0.00023442185212173373              
-0.00050241757411851793              
-0.0011950426152376741               
-0.0017335785113977149               
-0.0020270969455105699               
-0.002018651412340886                
-0.0016957019458579991               
-0.0010940993432305632               
-0.00029471265287858494              
 0.00058710640185517446              
 0.0014179068642357017               
 0.0020660833871644548               
 0.0024224403341603432               
 0.0024181995906203033               
 0.0020375418920966096               
 0.0013224761886577354               
 0.00036894115245466653              
-0.00068565710904549908              
-0.0016819150683743736               
-0.0024622074617030839               
-0.0028952639360810273               
-0.0028977721115699901               
-0.0024495150743485813               
-0.0015994042755702663               
-0.00046105650652943152              
 0.00080187169532982899              
 0.0019987866026289721               
 0.0029404968120969274               
 0.0034686432954222262               
 0.0034817048751441849               
 0.0029534005214675234               
 0.0019402869013616518               
 0.00057687851494526098              
-0.00094153361971755672              
-0.0023862790281646371               
-0.0035291625280576373               
-0.004177850522455933                
-0.0042073937124652381               
-0.0035828407233149204               
-0.002369027810796444                
-0.00072542560177746946              
 0.0011138821358039788               
 0.002872720239181858                
 0.0042734444762246651               
 0.0050798088458333798               
 0.0051355985386388105               
 0.0043928770870914997               
 0.0029249951235985876               
 0.00092159288722061441              
-0.0013345469917886458               
-0.0035061835091899861               
-0.0052507131796364574               
-0.0062727152059431183               
-0.0063720938881753775               
-0.0054802373550801803               
-0.0036780315030614059               
-0.001192000194192319                
 0.001632045187456874                
 0.0043750949398332437               
 0.0066048920269076465               
 0.0079414529431633008               
 0.00811857785653952                 
 0.0070318293721801936               
 0.0047649518248322397               
 0.0015894585759254401               
-0.0020641912702029602               
-0.005661284312344932                
-0.0086368920760853517               
-0.010479496347130345                
-0.010812445807164114                
-0.0094610880113820042               
-0.0064947634250188749               
-0.0022358121665060765               
 0.0027679925304632262               
 0.007806169198614302                
 0.012096914589272324                
 0.01489621632298231                 
 0.015610600817816154                
 0.013898072037498538                
 0.0097424926195897026               
 0.0034894269133558826               
-0.004164011267509456                
-0.01222699417028732                 
-0.019515940370809712                
-0.024788100333803222                
-0.026892480567082086                
-0.024919828641434768                
-0.018332700227056426                
-0.0070583541463742003               
 0.008468756281047124                
 0.027322285145193186                
 0.048157515075490175                
 0.069336328003918618                
 0.089090334971108381                
 0.10570389371394782                 
 0.11769595131561708                 
 0.12397944815743409                 
 0.12397944815743409                 
 0.11769595131561708                 
 0.10570389371394782                 
 0.089090334971108381                
 0.069336328003918618                
 0.048157515075490175                
 0.027322285145193186                
 0.008468756281047124                
-0.0070583541463742003               
-0.018332700227056426                
-0.024919828641434768                
-0.026892480567082086                
-0.024788100333803222                
-0.019515940370809712                
-0.01222699417028732                 
-0.004164011267509456                
 0.0034894269133558826               
 0.0097424926195897026               
 0.013898072037498538                
 0.015610600817816154                
 0.01489621632298231                 
 0.012096914589272324                
 0.007806169198614302                
 0.0027679925304632262               
-0.0022358121665060765               
-0.0064947634250188749               
-0.0094610880113820042               
-0.010812445807164114                
-0.010479496347130345                
-0.0086368920760853517               
-0.005661284312344932                
-0.0020641912702029602               
 0.0015894585759254401               
 0.0047649518248322397               
 0.0070318293721801936               
 0.00811857785653952                 
 0.0079414529431633008               
 0.0066048920269076465               
 0.0043750949398332437               
 0.001632045187456874                
-0.001192000194192319                
-0.0036780315030614059               
-0.0054802373550801803               
-0.0063720938881753775               
-0.0062727152059431183               
-0.0052507131796364574               
-0.0035061835091899861               
-0.0013345469917886458               
 0.00092159288722061441              
 0.0029249951235985876               
 0.0043928770870914997               
 0.0051355985386388105               
 0.0050798088458333798               
 0.0042734444762246651               
 0.002872720239181858                
 0.0011138821358039788               
-0.00072542560177746946              
-0.002369027810796444                
-0.0035828407233149204               
-0.0042073937124652381               
-0.004177850522455933                
-0.0035291625280576373               
-0.0023862790281646371               
-0.00094153361971755672              
 0.00057687851494526098              
 0.0019402869013616518               
 0.0029534005214675234               
 0.0034817048751441849               
 0.0034686432954222262               
 0.0029404968120969274               
 0.0019987866026289721               
 0.00080187169532982899              
-0.00046105650652943152              
-0.0015994042755702663               
-0.0024495150743485813               
-0.0028977721115699901               
-0.0028952639360810273               
-0.0024622074617030839               
-0.0016819150683743736               
-0.00068565710904549908              
 0.00036894115245466653              
 0.0013224761886577354               
 0.0020375418920966096               
 0.0024181995906203033               
 0.0024224403341603432               
 0.0020660833871644548               
 0.0014179068642357017               
 0.00058710640185517446              
-0.00029471265287858494              
-0.0010940993432305632               
-0.0016957019458579991               
-0.002018651412340886                
-0.0020270969455105699               
-0.0017335785113977149               
-0.0011950426152376741               
-0.00050241757411851793              
 0.00023442185212173373              
 0.00090385304559632482              
 0.0014092131685138976               
 0.0016825424151022761               
 0.0016934447510562681               
 0.0014519561057299447               
 0.0010052580246450297               
 0.00042899718086075007              
-0.00018525798350566453              
-0.00074437476243164745              
-0.0011676107662272964               
-0.001398094557967544                
-0.001410232016378298                
-0.0012121123581945205               
-0.00084277956435260674              
-0.00036500743674775844              
 0.00014513878536226682              
 0.00061025271143479273              
 0.00096318943405447957              
 0.0011566086423224753               
 0.0011691208876279677               
 0.0010072797265568466               
 0.00070330512020088244              
 0.00030908628604547656              
-0.00011247845138204198              
-0.0004973778874388659               
-0.00079008752816899712              
-0.00095144987127590303              
-0.00096373720294826767              
-0.00083227471634538691              
-0.00058354330801169575              
-0.00026021208789710947              
 0.000086005433900754872             
 0.00040250359421835358              
 0.00064367394183283155              
 0.00077736567588100646              
 0.00078901854463092527              
 0.00068296746291695665              
 0.0004808589755295029               
 0.00021755888968280209              
-0.000064706525907166896             
-0.00032302146326659441              
-0.00052021256390904602              
-0.00063010368153105308              
-0.00064085625427262941              
-0.00055599960088839433              
-0.00039311222938038961              
-0.00018047295043620144              
 0.00004771575221688134              
 0.00025673552930730313              
 0.00041655838280081603              
 0.00050607408398170919              
 0.00051576541022164686              
 0.0004485021571310756               
 0.00031845212046679311              
 0.00014835133965841811              
-0.000034347287796966022             
-0.00020182894355013536              
-0.00033008113519853463              
-0.00040226311210100467              
-0.00041081720611464386              
-0.0003580750813967045               
-0.00025535028529223829              
-0.00012074579328629606              
 0.000023934965627251673             
 0.0001566486614525916               
 0.00025841273654318231              
 0.00031595340352768669              
 0.00032335400559219932              
 0.00028249977638892024              
 0.00020233628112904667              
 0.00009711548202579319              
-0.000016049286377071967             
-0.00011990191280697992              
-0.00019962924509332321              
-0.00024491364992086981              
-0.00025119472405809733              
-0.00021999240734216197              
-0.00015829886584291109              
-0.000077191030639348372             
 0.00001007618878846807              
 0.000090185550132364228             
 0.00015174486081346818              
 0.00018685996969286918              
 0.00019207909917437715              
 0.00016862127494802142              
 0.00012187685630464469              
 0.000060335791808218511             
-0.0000058955753948393125            
-0.000066701024363714453             
-0.00011346478626238953              
-0.00014025427957888243              
-0.0001445136653989152               
-0.00012720955398829982              
-0.000092441869730268482             
-0.000046606515884561768             
 0.0000027203163062763315            
 0.000047996235175433238             
 0.00008283101878095202              
 0.0001028597099347067               
 0.00010623569285269263              
 0.000093723849970643277             
 0.000068384976692896482             
 0.000034945526553463163             
-0.0000010262433186092414            
-0.000034032343831785941             
-0.00005943709109200296              
-0.000074106518855868099             
-0.000076749036121362039             
-0.000067962238589482573             
-0.000049984655220860574             
-0.000026237993313236381             
-0.00000070928726050228724           
 0.000022683471520506423             
 0.000040676264079822464             
 0.000051080485034752372             
 0.000053032467963837897             
 0.000046984302660277668             
 0.000034554018320618671             
 0.00001813140934714849              
 0.00000050764863490467867           
-0.000015621322666466813             
-0.000028030272671568624             
-0.000035254304132925067             
-0.000036732903790609504             
-0.000032823564915742712             
-0.000024636261794157779             
-0.000013815213592491806             
-0.00000222272479504296              
 0.0000083361169985120862            
 0.000016416691980208797             
 0.000021068802249529953             
 0.000021987931669292927             
 0.000019406138741250144             
 0.000014093028736454533             
 0.0000071318803520505951            
-0.00000031899276717232923           
-0.0000070787607832821844            
-0.000012265712932153559             
-0.000015316459910793538             
-0.000016057082773784167             
-0.000014651626703939086             
-0.000011584928316718124             
-0.0000075153547274494135            
-0.0000031718384763825134            
 0.00000079714126785687488           
 0.000003880952722707702             
 0.0000057839840238476794            
 0.0000064149770514669594            
 0.000019766579559706216             
